   1.0000000000000000        604.15229867972857       3.31045527138440973E-002 ( 0.10237721081184452     ,-7.48171046229907980E-004)
   1.0062500000000003        606.03733383348595       3.32078433009218646E-002 ( 0.10266538147280090     ,-8.12233495992986144E-004)
   1.0125000000000000        607.91652387478325       3.33108136047962425E-002 ( 0.10295277977299283     ,-8.75862328506154175E-004)
   1.0187499999999998        609.78992284228502       3.34134665865183228E-002 ( 0.10323943154221341     ,-9.39000885346387079E-004)
   1.0249999999999997        611.65758394709690       3.35158051617930608E-002 ( 0.10352534413557345     ,-1.00165116082161893E-003)
   1.0312500000000002        613.51955959040129       3.36178322019456341E-002 ( 0.10381052473127897     ,-1.06381513440327027E-003)
   1.0375000000000001        615.37590138061137       3.37195505348613853E-002 ( 0.10409498036578958     ,-1.12549477506259992E-003)
   1.0437500000000002        617.22666015006189       3.38209629459004166E-002 ( 0.10437871793766208     ,-1.18669204135589748E-003)
   1.0500000000000003        619.07188597124969       3.39220721787874685E-002 ( 0.10466174421127900     ,-1.24740888146616198E-003)
   1.0562499999999999        620.91162817264092       3.40228809364780949E-002 ( 0.10494406582045605     ,-1.30764723324054396E-003)
   1.0625000000000000        622.74593535405745       3.41233918820017454E-002 ( 0.10522568927192584     ,-1.36740902421790263E-003)
   1.0687500000000003        624.57485540165646       3.42236076392825814E-002 ( 0.10550662094871043     ,-1.42669617165537468E-003)
   1.0749999999999997        626.39843550251612       3.43235307939387044E-002 ( 0.10578686711337712     ,-1.48551058254842508E-003)
   1.0812499999999998        628.21672215884223       3.44231638940605961E-002 ( 0.10606643391119655     ,-1.54385415365015564E-003)
   1.0874999999999999        630.02976120180222       3.45225094509691577E-002 ( 0.10634532737318476     ,-1.60172877148124062E-003)
   1.0937500000000000        631.83759780500554       3.46215699399543830E-002 ( 0.10662355341906093     ,-1.65913631234371499E-003)
   1.1000000000000001        633.64027649763557       3.47203478009948940E-002 ( 0.10690111786009808     ,-1.71607864232851395E-003)
   1.1062500000000002        635.43784117724681       3.48188454394592062E-002 ( 0.10717802640188651     ,-1.77255761732138229E-003)
   1.1124999999999998        637.23033512223810       3.49170652267891263E-002 ( 0.10745428464701232     ,-1.82857508300920718E-003)
   1.1187499999999999        639.01780100400958       3.50150095011659973E-002 ( 0.10772989809764254     ,-1.88413287488206540E-003)
   1.1249999999999998        640.80028089881478       3.51126805681600332E-002 ( 0.10800487215803641     ,-1.93923281823333909E-003)
   1.1312499999999999        642.57781629931787       3.52100807013636455E-002 ( 0.10827921213696971     ,-1.99387672816659159E-003)
   1.1375000000000002        644.35044812586261       3.53072121430089564E-002 ( 0.10855292325009099     ,-2.04806640959116684E-003)
   1.1437500000000003        646.11821673746363       3.54040771045699906E-002 ( 0.10882601062219704     ,-2.10180365722617644E-003)
   1.1500000000000001        647.88116194252780       3.55006777673502263E-002 ( 0.10909847928944671     ,-2.15509025559945493E-003)
   1.1562500000000000        649.63932300931413       3.55970162830557060E-002 ( 0.10937033420148967     ,-2.20792797904689362E-003)
   1.1625000000000003        651.39273867613849       3.56930947743542004E-002 ( 0.10964158022355196     ,-2.26031859171538273E-003)
   1.1687500000000002        653.14144716133274       3.57889153354209524E-002 ( 0.10991222213843986     ,-2.31226384756154195E-003)
   1.1750000000000000        654.88548617296442       3.58844800324712374E-002 ( 0.11018226464848782     ,-2.36376549035665576E-003)
   1.1812499999999999        656.62489291832367       3.59797909042802178E-002 ( 0.11045171237745303     ,-2.41482525368419583E-003)
   1.1875000000000002        658.35970411318465       3.60748499626903987E-002 ( 0.11072056987234638     ,-2.46544486094529228E-003)
   1.1937500000000001        660.08995599084824       3.61696591931071551E-002 ( 0.11098884160520790     ,-2.51562602536377616E-003)
   1.1999999999999997        661.81568431097185       3.62642205549825528E-002 ( 0.11125653197483489     ,-2.56537044998515068E-003)
   1.2062500000000003        663.53692436819222       3.63585359822878110E-002 ( 0.11152364530845543     ,-2.61467982768948679E-003)
   1.2125000000000001        665.25371100054747       3.64526073839748152E-002 ( 0.11179018586334849     ,-2.66355584119170414E-003)
   1.2187500000000002        666.96607859770506       3.65464366444269578E-002 ( 0.11205615782842777     ,-2.71200016305308145E-003)
   1.2250000000000001        668.67406110899799       3.66400256238994942E-002 ( 0.11232156532576291     ,-2.76001445568678462E-003)
   1.2312500000000002        670.37769205127938       3.67333761589499069E-002 ( 0.11258641241207248     ,-2.80760037136987967E-003)
   1.2375000000000003        672.07700451659559       3.68264900628583816E-002 ( 0.11285070308016378     ,-2.85475955225359150E-003)
   1.2437500000000001        673.77203117968622       3.69193691260387841E-002 ( 0.11311444126033410     ,-2.90149363037614820E-003)
   1.2500000000000002        675.46280430531476       3.70120151164402694E-002 ( 0.11337763082173236     ,-2.94780422767405284E-003)
   1.2562500000000001        677.14935575543450       3.71044297799400444E-002 ( 0.11364027557368010     ,-2.99369295599985702E-003)
   1.2625000000000000        678.83171699619334       3.71966148407270950E-002 ( 0.11390237926695768     ,-3.03916141713626159E-003)
   1.2687499999999998        680.50991910478422       3.72885720016776362E-002 ( 0.11416722775936562     ,-3.08487972108631566E-003)
   1.2749999999999997        682.18399277614242       3.73803029447220408E-002 ( 0.11442811151351311     ,-3.12947393661520143E-003)
   1.2812500000000002        683.85396832949652       3.74718093312038161E-002 ( 0.11468860253100240     ,-3.17367905880753523E-003)
   1.2875000000000001        685.51987571477457       3.75630928022306423E-002 ( 0.11494856166315526     ,-3.21746939855365116E-003)
   1.2937500000000000        687.18174451887171       3.76541549790177787E-002 ( 0.11520799801198392     ,-3.26084751696666987E-003)
   1.3000000000000003        688.83960397178100       3.77449974632240240E-002 ( 0.11546691477795638     ,-3.30381491571918057E-003)
   1.3062500000000001        690.49348295259097       3.78356218372803491E-002 ( 0.11572531534162586     ,-3.34637312582729491E-003)
   1.3125000000000000        692.14340999535636       3.79260296647115913E-002 ( 0.11598320302506210     ,-3.38852366698678921E-003)
   1.3187499999999999        693.78941329484121       3.80162224904511195E-002 ( 0.11624058110226838     ,-3.43026804912803865E-003)
   1.3249999999999997        695.43152071214024       3.81062018411488929E-002 ( 0.11649745279977708     ,-3.47160777236785656E-003)
   1.3312499999999998        697.06975978018147       3.81959692254729560E-002 ( 0.11675382129761611     ,-3.51254432705825443E-003)
   1.3374999999999999        698.70415770911222       3.82855261344045711E-002 ( 0.11700968973022387     ,-3.55307919380635833E-003)
   1.3437500000000000        700.33474139157192       3.83748740415271322E-002 ( 0.11726506118734230     ,-3.59321384350787471E-003)
   1.3500000000000001        701.96153740785542       3.84640144033091269E-002 ( 0.11751993871489327     ,-3.63294973737190779E-003)
   1.3562499999999997        703.58457203096759       3.85529486593810256E-002 ( 0.11777432531581261     ,-3.67228832696659801E-003)
   1.3625000000000000        705.20387123157514       3.86416782328067102E-002 ( 0.11802822395090085     ,-3.71123105423551035E-003)
   1.3687499999999999        706.81946068285356       3.87302045303489911E-002 ( 0.11828163753960252     ,-3.74977935154968038E-003)
   1.3750000000000000        708.43136576523773       3.88185289427299615E-002 ( 0.11853456896080758     ,-3.78793464172821155E-003)
   1.3812499999999999        710.03961157107278       3.89066528448858140E-002 ( 0.11878702105360837     ,-3.82569833808077625E-003)
   1.3875000000000000        711.64422290917241       3.89945775962166202E-002 ( 0.11903899661804034     ,-3.86307184445069387E-003)
   1.3937499999999998        713.24522430928334       3.90823045408309755E-002 ( 0.11929049841582073     ,-3.90005655524245255E-003)
   1.3999999999999999        714.84264002646057       3.91698350077857166E-002 ( 0.11954152917103708     ,-3.93665385546104057E-003)
   1.4062500000000000        716.43649404535495       3.92571703113208798E-002 ( 0.11979209157085670     ,-3.97286512076669256E-003)
   1.4125000000000001        718.02681008441459       3.93443117510899124E-002 ( 0.12004218826618064     ,-4.00869171749420553E-003)
   1.4187499999999997        719.61361160000297       3.94312606123853188E-002 ( 0.12029182187231709     ,-4.04413500271225048E-003)
   1.4250000000000000        721.19692179043579       3.95180181663598584E-002 ( 0.12054099496959843     ,-4.07919632425343421E-003)
   1.4312500000000001        722.77676359993757       3.96045856702433655E-002 ( 0.12078971010403704     ,-4.11387702075750785E-003)
   1.4374999999999998        724.35315972252090       3.96909643675552870E-002 ( 0.12103796978789222     ,-4.14817842172983224E-003)
   1.4437500000000003        725.92613260579071       3.97771554883131623E-002 ( 0.12128577650030459     ,-4.18210184756232558E-003)
   1.4500000000000002        727.49570445467236       3.98631602492368828E-002 ( 0.12153313268784530     ,-4.21564860959456646E-003)
   1.4562500000000003        729.06189723507021       3.99489798539491917E-002 ( 0.12178004076509973     ,-4.24882001015127516E-003)
   1.4624999999999999        730.62473267745315       4.00346154931720960E-002 ( 0.12202650311521243     ,-4.28161734259569111E-003)
   1.4687500000000002        732.18423228037352       4.01200683449197751E-002 ( 0.12227252209042097     ,-4.31404189136456485E-003)
   1.4749999999999999        733.74041731391617       4.02053395746874848E-002 ( 0.12251810001259365     ,-4.34609493202417919E-003)
   1.4812500000000000        735.29330882308454       4.02904303356371452E-002 ( 0.12276323917372861     ,-4.37777773131061993E-003)
   1.4875000000000000        736.84292763112001       4.03753417687792229E-002 ( 0.12300794183646828     ,-4.40909154718784144E-003)
   1.4937499999999997        738.38929434276054       4.04600750031512621E-002 ( 0.12325221023458133     ,-4.44003762887953263E-003)
   1.4999999999999998        739.93242934743705       4.05446311559930703E-002 ( 0.12349604657344428     ,-4.47061721693328175E-003)
   1.5062500000000001        741.47235282240968       4.06290113329185257E-002 ( 0.12373945303050751     ,-4.50083154325966930E-003)
   1.5125000000000004        743.00908473584639       4.07132166280843102E-002 ( 0.12398243175575387     ,-4.53068183118245180E-003)
   1.5187500000000003        744.54264484984333       4.07972481243553745E-002 ( 0.12422498487213850     ,-4.56016929549511729E-003)
   1.5249999999999999        746.07305272339113       4.08811068934675018E-002 ( 0.12446711447603447     ,-4.58929514249817056E-003)
   1.5312500000000000        747.60032771528392       4.09647939961866950E-002 ( 0.12470882263765187     ,-4.61806057006293284E-003)
   1.5374999999999999        749.12448898697733       4.10483104824658010E-002 ( 0.12495011140145655     ,-4.64646676766558575E-003)
   1.5437500000000000        750.64555550539296       4.11316573915981448E-002 ( 0.12519098278657656     ,-4.67451491645947369E-003)
   1.5499999999999998        752.16354604567209       4.12148357523684436E-002 ( 0.12543143878720117     ,-4.70220618930041259E-003)
   1.5562499999999999        753.67847919388009       4.12978465832009936E-002 ( 0.12567148137297163     ,-4.72954175081569117E-003)
   1.5625000000000000        755.19037334966072       4.13806908923051234E-002 ( 0.12591111248935694     ,-4.75652275745175844E-003)
   1.5687499999999999        756.69924672884395       4.14633696778180516E-002 ( 0.12615033405803289     ,-4.78315035751758488E-003)
   1.5750000000000000        758.20511736600668       4.15458839279452610E-002 ( 0.12638914797723877     ,-4.80942569124577848E-003)
   1.5812500000000003        759.70800311698702       4.16282346210981938E-002 ( 0.12662755612214271     ,-4.83534989083637002E-003)
   1.5874999999999999        761.20792166135516       4.17104227260297125E-002 ( 0.12686556034517965     ,-4.86092408051428879E-003)
   1.5937499999999998        762.70489050483991       4.17924492019670218E-002 ( 0.12710316247640144     ,-4.88614937657670580E-003)
   1.6000000000000001        764.19892698171202       4.18743149987422791E-002 ( 0.12734036432380627     ,-4.91102688744469128E-003)
   1.6062500000000000        765.69004825712602       4.19560210569209016E-002 ( 0.12757716767366598     ,-4.93555771371640990E-003)
   1.6125000000000000        767.17827132942182       4.20375683079277085E-002 ( 0.12781357429084550     ,-4.95974294822237871E-003)
   1.6187499999999997        768.66361303238477       4.21189576741707317E-002 ( 0.12804958591911672     ,-4.98358367606985524E-003)
   1.6249999999999998        770.14609003746807       4.22001900691630003E-002 ( 0.12828520428146159     ,-5.00708097469953518E-003)
   1.6312500000000001        771.62571885597481       4.22812663976421393E-002 ( 0.12852043108038441     ,-5.03023591393352530E-003)
   1.6375000000000000        773.10251584120454       4.23621875556879149E-002 ( 0.12875526799817907     ,-5.05304955603347577E-003)
   1.6437499999999998        774.57649719056144       4.24429544308378495E-002 ( 0.12898971669724874     ,-5.07552295574491621E-003)
   1.6499999999999999        776.04767894762745       4.25235679022007290E-002 ( 0.12922377882036656     ,-5.09765716035260642E-003)
   1.6562500000000002        777.51607700419936       4.26040288405682907E-002 ( 0.12945745599095668     ,-5.11945320973413408E-003)
   1.6625000000000003        778.98170710229135       4.26843381085249204E-002 ( 0.12969074981336373     ,-5.14091213640892157E-003)
   1.6687500000000002        780.44458483610481       4.27644965605555871E-002 ( 0.12992366187312085     ,-5.16203496558572360E-003)
   1.6750000000000000        781.90472565396351       4.28445050431518967E-002 ( 0.13015619373720658     ,-5.18282271522139005E-003)
   1.6812499999999999        783.36214486021720       4.29243643949163978E-002 ( 0.13038834695430374     ,-5.20327639606899678E-003)
   1.6875000000000000        784.81685761711310       4.30040754466651035E-002 ( 0.13062012305503445     ,-5.22339701172641873E-003)
   1.6937499999999999        786.26887894663616       4.30836390215283763E-002 ( 0.13085152355222340     ,-5.24318555869117322E-003)
   1.7000000000000000        787.71822373231907       4.31630559350500639E-002 ( 0.13108254994112128     ,-5.26264302641359528E-003)
   1.7062500000000000        789.16490672102236       4.32423269952850534E-002 ( 0.13131320369964822     ,-5.28177039733550898E-003)
   1.7125000000000001        790.60894252468461       4.33214530028951939E-002 ( 0.13154348628862125     ,-5.30056864695609836E-003)
   1.7187500000000000        792.05034562204435       4.34004347512436106E-002 ( 0.13177339915197733     ,-5.31903874387089446E-003)
   1.7250000000000001        793.48913036033457       4.34792730264876096E-002 ( 0.13200294371699919     ,-5.33718164983493226E-003)
   1.7312500000000002        794.92531095694767       4.35579686076698336E-002 ( 0.13223212139452148     ,-5.35499831979548493E-003)
   1.7375000000000000        796.35890150107571       4.36365222668082045E-002 ( 0.13246093357916289     ,-5.37248970195564751E-003)
   1.7437500000000001        797.78991595532216       4.37149347689842344E-002 ( 0.13268938164950667     ,-5.38965673781805973E-003)
   1.7500000000000002        799.21836815728909       4.37932068724299420E-002 ( 0.13291746696833534     ,-5.40650036223866513E-003)
   1.7562500000000003        800.64427182113786       4.38713393286134304E-002 ( 0.13314519088280394     ,-5.42302150347627292E-003)
   1.7625000000000000        802.06764053912559       4.39493328823230348E-002 ( 0.13337255472465390     ,-5.43922108323098997E-003)
   1.7687499999999998        803.48848778311685       4.40271882717502006E-002 ( 0.13359955981040050     ,-5.45510001671014374E-003)
   1.7749999999999999        804.90682690607116       4.41049062285709531E-002 ( 0.13382620744152032     ,-5.47065921266550598E-003)
   1.7812500000000000        806.32267114350691       4.41824874780261181E-002 ( 0.13405249890463808     ,-5.48589957344311312E-003)
   1.7874999999999999        807.73603361494270       4.42599327390003211E-002 ( 0.13427843547170901     ,-5.50082199503787710E-003)
   1.7937500000000000        809.14692732531580       4.43372427240996819E-002 ( 0.13450401840019841     ,-5.51542736713684766E-003)
   1.8000000000000000        810.55536516637778       4.44144181397283302E-002 ( 0.13472924893325622     ,-5.52971657316536636E-003)
   1.8062500000000001        811.96135991806898       4.44914596861636646E-002 ( 0.13495412829988598     ,-5.54369049033978656E-003)
   1.8124999999999998        813.36492424987193       4.45683680576305710E-002 ( 0.13517865771511739     ,-5.55734998971545678E-003)
   1.8187500000000001        814.76607072214290       4.46451439423743227E-002 ( 0.13540283838017511     ,-5.57069593622501989E-003)
   1.8250000000000000        816.16481178742322       4.47217880227325087E-002 ( 0.13562667148262902     ,-5.58372918873959942E-003)
   1.8312500000000000        817.56115979173080       4.47983009752057348E-002 ( 0.13585015819657115     ,-5.59645060010119030E-003)
   1.8375000000000001        818.95512697583126       4.48746834705273101E-002 ( 0.13607329968275811     ,-5.60886101718106878E-003)
   1.8437500000000000        820.34672547649018       4.49509361737318522E-002 ( 0.13629609708877077     ,-5.62096128092224104E-003)
   1.8499999999999999        821.73596732770545       4.50270597442228374E-002 ( 0.13651855154916967     ,-5.63275222637664701E-003)
   1.8562500000000000        823.12286446192218       4.51030548358391237E-002 ( 0.13674066418563185     ,-5.64423468277050824E-003)
   1.8625000000000003        824.50742871122759       4.51789220969204749E-002 ( 0.13696243610710634     ,-5.65540947352854810E-003)
   1.8687499999999997        825.88967180852899       4.52546621703720856E-002 ( 0.13718386840995786     ,-5.66627741633802130E-003)
   1.8750000000000000        827.26960538871481       4.53302756937281892E-002 ( 0.13740496217810311     ,-5.67683932317560210E-003)
   1.8812500000000001        828.64724098979536       4.54057632992145924E-002 ( 0.13762571848314206     ,-5.68709600037369412E-003)
   1.8875000000000002        830.02259005402982       4.54811256138104095E-002 ( 0.13784613838451101     ,-5.69704824864211614E-003)
   1.8937500000000003        831.39566392903453       4.55563632593087853E-002 ( 0.13806622292959919     ,-5.70669686313247590E-003)
   1.8999999999999999        832.76647386887510       4.56314768523767705E-002 ( 0.13828597315389093     ,-5.71604263347162342E-003)
   1.9062500000000002        834.13503103514358       4.57064670046142957E-002 ( 0.13850539008108401     ,-5.72508634380366338E-003)
   1.9125000000000003        835.50134649801737       4.57813343226122355E-002 ( 0.13872447472322802     ,-5.73382877284046681E-003)
   1.9187500000000000        836.86543123730462       4.58560794080096895E-002 ( 0.13894322808083476     ,-5.74227069390561770E-003)
   1.9250000000000000        838.22729614347440       4.59307028575504095E-002 ( 0.13916165114301085     ,-5.75041287496661033E-003)
   1.9312499999999999        839.58695201866965       4.60052052631382893E-002 ( 0.13937974488757293     ,-5.75825607869287492E-003)
   1.9374999999999998        840.94440957770792       4.60795872118922589E-002 ( 0.13959751028116665     ,-5.76580106248648309E-003)
   1.9437500000000003        842.29967944906639       4.61538492862002062E-002 ( 0.13981494827938051     ,-5.77304857853078775E-003)
   1.9500000000000004        843.65277217585208       4.62279920637721567E-002 ( 0.14003205982686065     ,-5.77999937382928097E-003)
   1.9562500000000003        845.00369821675929       4.63020161176927528E-002 ( 0.14024884585742001     ,-5.78665419024834531E-003)
   1.9624999999999997        846.35246794701311       4.63759220164729064E-002 ( 0.14046530729415604     ,-5.79301376456307308E-003)
   1.9687500000000000        847.69909165929857       4.64497103241007792E-002 ( 0.14068144504954672     ,-5.79907882849092435E-003)
   1.9750000000000001        849.04357956467697       4.65233816000919370E-002 ( 0.14089726002556563     ,-5.80485010873953589E-003)
   1.9812500000000000        850.38594179348934       4.65969363995388727E-002 ( 0.14111275311378293     ,-5.81032832704458067E-003)
   1.9875000000000000        851.72618839624738       4.66703752731598351E-002 ( 0.14132792519546705     ,-5.81551420020772272E-003)
   1.9937499999999997        853.06432934451072       4.67436987673468876E-002 ( 0.14154277714168811     ,-5.82040844014382504E-003)
   2.0000000000000004        854.40037453175319       4.68169074242133776E-002 ( 0.14175730981340942     ,-5.82501175391514272E-003)
   2.0062500000000005        855.73433377421532       4.68900017816406556E-002 ( 0.14197152406159591     ,-5.82932484377533117E-003)
   2.0125000000000002        857.06621681174670       4.69629823733242191E-002 ( 0.14218542072730148     ,-5.83334840720405381E-003)
   2.0187500000000003        858.39603330863542       4.70358497288191763E-002 ( 0.14239900064176464     ,-5.83708313695168075E-003)
   2.0250000000000004        859.72379285442605       4.71086043735850571E-002 ( 0.14261226462650364     ,-5.84052972107382967E-003)
   2.0312500000000000        861.04950496472611       4.71812468290300144E-002 ( 0.14282521349340255     ,-5.84368884297645219E-003)
   2.0375000000000001        862.37317908200282       4.72537776125544692E-002 ( 0.14303784804480582     ,-5.84656118144589228E-003)
   2.0437499999999997        863.69482457636616       4.73261972375940143E-002 ( 0.14325016907360014     ,-5.84914741069340535E-003)
   2.0499999999999998        865.01445074634444       4.73985062136619353E-002 ( 0.14346217736330799     ,-5.85144820039402904E-003)
   2.0562500000000004        866.33206681964623       4.74707050463909555E-002 ( 0.14367387368816606     ,-5.85346421571787418E-003)
   2.0625000000000000        867.64768195391378       4.75427942375744803E-002 ( 0.14388525881321093     ,-5.85519611737767010E-003)
   2.0687500000000001        868.96130523746569       4.76147742852073563E-002 ( 0.14409633349436246     ,-5.85664456165402390E-003)
   2.0749999999999997        870.27294569002879       4.76866456835259162E-002 ( 0.14430709847850279     ,-5.85781020044532762E-003)
   2.0812499999999998        871.58261226346167       4.77584089230476613E-002 ( 0.14451755450355575     ,-5.85869368129602816E-003)
   2.0875000000000004        872.89031384246675       4.78300644906102732E-002 ( 0.14472770229856585     ,-5.85929564743604709E-003)
   2.0937500000000000        874.19605924529310       4.79016128694101026E-002 ( 0.14493754258377436     ,-5.85961673781708759E-003)
   2.1000000000000001        875.49985722443159       4.79730545390402857E-002 ( 0.14514707607069408     ,-5.85965758715031263E-003)
   2.1062500000000002        876.80171646729798       4.80443899755281720E-002 ( 0.14535630346218431     ,-5.85941882593979738E-003)
   2.1124999999999998        878.10164559690918       4.81156196513723572E-002 ( 0.14556522545252593     ,-5.85890108052135750E-003)
   2.1187500000000004        879.39965317254939       4.81867440355792098E-002 ( 0.14577384272748467     ,-5.85810497309493562E-003)
   2.1250000000000000        880.69574769042686       4.82577635936988492E-002 ( 0.14598215596439432     ,-5.85703112176381904E-003)
   2.1312500000000005        881.98993758432414       4.83286787878607696E-002 ( 0.14619016583221597     ,-5.85568014056537991E-003)
   2.1374999999999997        883.28223122623717       4.83994900768088820E-002 ( 0.14639787299161053     ,-5.85405263951047517E-003)
   2.1437500000000003        884.57263692700781       4.84701979159361390E-002 ( 0.14660527809500540     ,-5.85214922461488578E-003)
   2.1500000000000004        885.86116293694693       4.85408027573186948E-002 ( 0.14681238178665756     ,-5.84997049793526888E-003)
   2.1562500000000000        887.14781744645006       4.86113050497496493E-002 ( 0.14701918470272399     ,-5.84751705760449148E-003)
   2.1624999999999996        888.43260858660506       4.86817052387723270E-002 ( 0.14722568747132034     ,-5.84478949786206362E-003)
   2.1687500000000002        889.71554442979129       4.87520037667131395E-002 ( 0.14743189071258544     ,-5.84178840909349486E-003)
   2.1749999999999994        890.99663299027100       4.88222010727139277E-002 ( 0.14763779503874339     ,-5.83851437785988352E-003)
   2.1812500000000004        892.27588222477470       4.88922975927641237E-002 ( 0.14784340105416360     ,-5.83496798693304737E-003)
   2.1875000000000000        893.55330003307574       4.89622937597321492E-002 ( 0.14804870935542089     ,-5.83114981532705402E-003)
   2.1937500000000001        894.82889425856160       4.90321900033967861E-002 ( 0.14825372053135399     ,-5.82706043833565793E-003)
   2.2000000000000002        896.10267268879409       4.91019867504778468E-002 ( 0.14845843516312135     ,-5.82270042756031711E-003)
   2.2062499999999994        897.37464305606488       4.91716844246665938E-002 ( 0.14866285382426273     ,-5.81807035094665439E-003)
   2.2125000000000004        898.64481303794332       4.92412834466557994E-002 ( 0.14886697708074684     ,-5.81317077281463725E-003)
   2.2187500000000000        899.91319025781581       4.93107842341692568E-002 ( 0.14907080549103582     ,-5.80800225389052627E-003)
   2.2249999999999996        901.17978228542154       4.93801872019911797E-002 ( 0.14927433960613135     ,-5.80256535134376136E-003)
   2.2312500000000002        902.44459663737803       4.94494927619949579E-002 ( 0.14947757996963112     ,-5.79686061881352303E-003)
   2.2374999999999998        903.70764077770195       4.95187013231717377E-002 ( 0.14968052711778115     ,-5.79088860644234090E-003)
   2.2437500000000004        904.96892211832335       4.95878132916585460E-002 ( 0.14988318157952438     ,-5.78464986090913499E-003)
   2.2500000000000000        906.22844801959286       4.96568290707661494E-002 ( 0.15008554387655404     ,-5.77814492545990037E-003)
   2.2562500000000001        907.48622579078301       4.97257490610064495E-002 ( 0.15028761452336212     ,-5.77137433993857047E-003)
   2.2625000000000002        908.74226269058261       4.97945736601196481E-002 ( 0.15048939402728601     ,-5.76433864081760550E-003)
   2.2687499999999998        909.99656592758629       4.98633032631010109E-002 ( 0.15069088288856008     ,-5.75703836123193317E-003)
   2.2749999999999999        911.24914266077633       4.99319382622272906E-002 ( 0.15089208160035991     ,-5.74947403100612570E-003)
   2.2812500000000000        912.50000000000000       5.00004790470829005E-002 ( 0.15109299064884865     ,-5.74164617668789044E-003)
   2.2875000000000001        913.74914500643990       5.00689260045856580E-002 ( 0.15129361051322304     ,-5.73355532157627211E-003)
   2.2937500000000002        914.99658469307963       5.01372795190123191E-002 ( 0.15149394166575891     ,-5.72520198575558747E-003)
   2.2999999999999998        916.24232602516224       5.02055399720236981E-002 ( 0.15169398457185335     ,-5.71658668612078438E-003)
   2.3062500000000004        917.48637592064551       5.02737077426896051E-002 ( 0.15189373969006953     ,-5.70770993641091500E-003)
   2.3124999999999996        918.72874125064789       5.03417832075132785E-002 ( 0.15209320747217589     ,-5.69857224723982914E-003)
   2.3187500000000001        919.96942883989357       5.04097667404558025E-002 ( 0.15229238836319309     ,-5.68917412612179527E-003)
   2.3250000000000002        921.20844546714829       5.04776587129599566E-002 ( 0.15249128280142857     ,-5.67951607750545942E-003)
   2.3312499999999998        922.44579786565225       5.05454594939739321E-002 ( 0.15268989121852242     ,-5.66959860280271191E-003)
   2.3375000000000004        923.68149272354697       5.06131694499747584E-002 ( 0.15288821403948402     ,-5.65942220041369334E-003)
   2.3437500000000000        924.91553668429628       5.06807889449913326E-002 ( 0.15308625168272955     ,-5.64898736576352565E-003)
   2.3500000000000001        926.14793634710429       5.07483183406273464E-002 ( 0.15328400456012303     ,-5.63829459132414619E-003)
   2.3562499999999997        927.37869826732594       5.08157579960837741E-002 ( 0.15348147307701263     ,-5.62734436664791716E-003)
   2.3625000000000003        928.60782895687453       5.08831082681812027E-002 ( 0.15367865763226540     ,-5.61613717839483037E-003)
   2.3687500000000004        929.83533488462353       5.09503695113818419E-002 ( 0.15387555861830790     ,-5.60467351036103654E-003)
   2.3749999999999996        931.06122247680355       5.10175420778112912E-002 ( 0.15407217642115553     ,-5.59295384350997141E-003)
   2.3812499999999996        932.28549811739526       5.10846263172800713E-002 ( 0.15426851142045372     ,-5.58097865599645800E-003)
   2.3875000000000002        933.50816814851703       5.11516225773048436E-002 ( 0.15446456398950653     ,-5.56874842319813029E-003)
   2.3937499999999998        934.72923887080788       5.12185312031293999E-002 ( 0.15466033449531363     ,-5.55626361774552886E-003)
   2.4000000000000004        935.94871654380722       5.12853525377455002E-002 ( 0.15485582329860356     ,-5.54352470954469836E-003)
   2.4062500000000000        937.16660738632811       5.13520869219132800E-002 ( 0.15505103075386070     ,-5.53053216581178304E-003)
   2.4125000000000001        938.38291757682805       5.14187346941816018E-002 ( 0.15524595720936449     ,-5.51728645109354331E-003)
   2.4187500000000002        939.59765325377430       5.14852961909080600E-002 ( 0.15544060300721643     ,-5.50378802730372516E-003)
   2.4249999999999998        940.81082051600572       5.15517717462788128E-002 ( 0.15563496848336825     ,-5.49003735374511970E-003)
   2.4312500000000004        942.02242542308943       5.16181616923281072E-002 ( 0.15582905396765837     ,-5.47603488713876724E-003)
   2.4375000000000000        943.23247399567401       5.16844663589576606E-002 ( 0.15602285978383523     ,-5.46178108165036851E-003)
   2.4437500000000001        944.44097221583945       5.17506860739558178E-002 ( 0.15621638624958961     ,-5.44727638892257039E-003)
   2.4500000000000002        945.64792602744069       5.18168211630163841E-002 ( 0.15640963367657959     ,-5.43252125809583382E-003)
   2.4562499999999998        946.85334133644994       5.18828719497573670E-002 ( 0.15660260237046222     ,-5.41751613583988257E-003)
   2.4625000000000004        948.05722401129356       5.19488387557394682E-002 ( 0.15679529263091846     ,-5.40226146638050474E-003)
   2.4687500000000000        949.25957988318453       5.20147219004842565E-002 ( 0.15698770475167800     ,-5.38675769152622674E-003)
   2.4750000000000005        950.46041474645335       5.20805217014923480E-002 ( 0.15717983902054916     ,-5.37100525069696480E-003)
   2.4812500000000002        951.65973435887258       5.21462384742611348E-002 ( 0.15737169571944126     ,-5.35500458094709253E-003)
   2.4874999999999994        952.85754444197994       5.22118725323025556E-002 ( 0.15756327512439161     ,-5.33875611699615501E-003)
   2.4937500000000004        954.05385068139628       5.22774241871604567E-002 ( 0.15775457750558897     ,-5.32226029125645612E-003)
   2.5000000000000004        955.24865872713997       5.23428937484278420E-002 ( 0.15794560312739797     ,-5.30551753385686848E-003)
   2.5062499999999996        956.44197419393925       5.24082815237640123E-002 ( 0.15813635224838085     ,-5.28852827267246861E-003)
   2.5125000000000006        957.63380266153933       5.24735878189113644E-002 ( 0.15832682512132354     ,-5.27129293334889070E-003)
   2.5187499999999994        958.82414967500677       5.25388129377120650E-002 ( 0.15851702199325626     ,-5.25381193933060434E-003)
   2.5250000000000004        960.01302074503144       5.26039571821246069E-002 ( 0.15870694310547453     ,-5.23608571188749570E-003)
   2.5312500000000000        961.20042134822222       5.26690208522400463E-002 ( 0.15889658869356266     ,-5.21811467014174097E-003)
   2.5375000000000001        962.38635692740365       5.27340042462981842E-002 ( 0.15908595898741390     ,-5.19989923109339357E-003)
   2.5437500000000002        963.57083289190518       5.27989076607034841E-002 ( 0.15927505421125149     ,-5.18143980964973390E-003)
   2.5499999999999998        964.75385461785015       5.28637313900408579E-002 ( 0.15946387458364741     ,-5.16273681864621008E-003)
   2.5562500000000004        965.93542744843978       5.29284757270912648E-002 ( 0.15965242031754281     ,-5.14379066887969260E-003)
   2.5625000000000000        967.11555669423490       5.29931409628471364E-002 ( 0.15984069162026773     ,-5.12460176912999440E-003)
   2.5687500000000001        968.29424763343502       5.30577273865276353E-002 ( 0.16002868869355882     ,-5.10517052618956850E-003)
   2.5750000000000002        969.47150551215270       5.31222352855937607E-002 ( 0.16021641173357840     ,-5.08549734488808469E-003)
   2.5812500000000003        970.64733554468683       5.31866649457632401E-002 ( 0.16040386093093145     ,-5.06558262811876350E-003)
   2.5875000000000004        971.82174291379181       5.32510166510253499E-002 ( 0.16059103647068457     ,-5.04542677686611960E-003)
   2.5937500000000004        972.99473277094364       5.33152906836554460E-002 ( 0.16077793853237993     ,-5.02503019023272865E-003)
   2.6000000000000005        974.16631023660432       5.33794873242294798E-002 ( 0.16096456729005534     ,-5.00439326546304932E-003)
   2.6062499999999997        975.33648040048206       5.34436068516382298E-002 ( 0.16115092291225644     ,-4.98351639797249991E-003)
   2.6125000000000003        976.50524832178962       5.35076495431015126E-002 ( 0.16133700556205766     ,-4.96239998137226312E-003)
   2.6187499999999999        977.67261902949906       5.35716156741820673E-002 ( 0.16152281539707064     ,-4.94104440749682482E-003)
   2.6250000000000000        978.83859752259457       5.36355055187994548E-002 ( 0.16170835256946628     ,-4.91945006642952910E-003)
   2.6312499999999996        980.00318877032225       5.36993193492437612E-002 ( 0.16189361722598133     ,-4.89761734653010750E-003)
   2.6375000000000002        981.16639771243695       5.37630574361890601E-002 ( 0.16207860950794153     ,-4.87554663445949419E-003)
   2.6437499999999998        982.32822925944652       5.38267200487068595E-002 ( 0.16226332955126588     ,-4.85323831520797014E-003)
   2.6500000000000004        983.48868829285482       5.38903074542793833E-002 ( 0.16244777748648784     ,-4.83069277212066443E-003)
   2.6562500000000004        984.64777966539896       5.39538199188125817E-002 ( 0.16263195343876147     ,-4.80791038692409897E-003)
   2.6625000000000001        985.80550820128815       5.40172577066492174E-002 ( 0.16281585752787853     ,-4.78489153975446280E-003)
   2.6687500000000002        986.96187869643677       5.40806210805816617E-002 ( 0.16299948986827908     ,-4.76163660918094145E-003)
   2.6749999999999998        988.11689591869629       5.41439103018645160E-002 ( 0.16318285056906198     ,-4.73814597223450127E-003)
   2.6812499999999999        989.27056460808535       5.42071256302273305E-002 ( 0.16336593973399716     ,-4.71442000443524772E-003)
   2.6874999999999996        990.42288947701513       5.42702673238869004E-002 ( 0.16354875746153752     ,-4.69045907981700295E-003)
   2.6937500000000001        991.57387521051601       5.43333356395596656E-002 ( 0.16373130384482718     ,-4.66626357095707451E-003)
   2.7000000000000002        992.72352646645788       5.43963308324738395E-002 ( 0.16391357897171305     ,-4.64183384899819178E-003)
   2.7062499999999998        993.87184787577110       5.44592531563814347E-002 ( 0.16409558292475418     ,-4.61717028368055678E-003)
   2.7125000000000004        995.01884404266434       5.45221028635702945E-002 ( 0.16427731578123081     ,-4.59227324336521428E-003)
   2.7187500000000000        996.16451954483898       5.45848802048757506E-002 ( 0.16445877761315658     ,-4.56714309506358555E-003)
   2.7250000000000001        997.30887893370323       5.46475854296924538E-002 ( 0.16463996848727924     ,-4.54178020446384736E-003)
   2.7312500000000006        998.45192673458246       5.47102187859858022E-002 ( 0.16482088846509962     ,-4.51618493595454338E-003)
   2.7374999999999998        999.59366744692807       5.47727805203034254E-002 ( 0.16500153760287081     ,-4.49035765265800094E-003)
   2.7437500000000004        1000.7341055445247       5.48352708777865780E-002 ( 0.16518191595161033     ,-4.46429871645167859E-003)
   2.7500000000000000        1001.8732454756938       5.48976901021812347E-002 ( 0.16536202355710622     ,-4.43800848800016568E-003)
   2.7562500000000005        1003.0110916634970       5.49600384358492414E-002 ( 0.16554186045992353     ,-4.41148732678092390E-003)
   2.7625000000000006        1004.1476485059356       5.50223161197792923E-002 ( 0.16572142669541154     ,-4.38473559110913458E-003)
   2.7687499999999998        1005.2829203761496       5.50845233935977757E-002 ( 0.16590072229371006     ,-4.35775363817020398E-003)
   2.7750000000000004        1006.4169116226138       5.51466604955795983E-002 ( 0.16607974727975486     ,-4.33054182404328438E-003)
   2.7812500000000000        1007.5496265693318       5.52087276626587187E-002 ( 0.16625850167328340     ,-4.30310050373220246E-003)
   2.7875000000000001        1008.6810695160289       5.52707251304387637E-002 ( 0.16643698548884017     ,-4.27543003119168659E-003)
   2.7937500000000002        1009.8112447383421       5.53326531332034785E-002 ( 0.16661519873578196     ,-4.24753075935419173E-003)
   2.8000000000000003        1010.9401564880089       5.53945119039270170E-002 ( 0.16679314141828119     ,-4.21940304016310552E-003)
   2.8062499999999999        1012.0678089930535       5.54563016742841280E-002 ( 0.16697081353533200     ,-4.19104722459338105E-003)
   2.8125000000000004        1013.1942064579722       5.55180226746604180E-002 ( 0.16714821508075323     ,-4.16246366268755320E-003)
   2.8187500000000001        1014.3193530639154       5.55796751341621695E-002 ( 0.16732534604319149     ,-4.13365270357955034E-003)
   2.8249999999999997        1015.4432529688697       5.56412592806264858E-002 ( 0.16750220640612570     ,-4.10461469552450813E-003)
   2.8312500000000003        1016.5659103078364       5.57027753406309362E-002 ( 0.16767879614786893     ,-4.07534998592742718E-003)
   2.8375000000000008        1017.6873291930092       5.57642235395033534E-002 ( 0.16785511524157271     ,-4.04585892137381692E-003)
   2.8437500000000000        1018.8075137139498       5.58256041013314788E-002 ( 0.16803116365522683     ,-4.01614184765577628E-003)
   2.8500000000000005        1019.9264679377627       5.58869172489724689E-002 ( 0.16820694135166500     ,-3.98619910980472104E-003)
   2.8562500000000006        1021.0441959092663       5.59481632040623317E-002 ( 0.16838244828856253     ,-3.95603105211748095E-003)
   2.8624999999999998        1022.1607016511640       5.60093421870252878E-002 ( 0.16855768441844174     ,-3.92563801818788388E-003)
   2.8687500000000008        1023.2759891642138       5.60704544170830682E-002 ( 0.16873264968867016     ,-3.89502035093643086E-003)
   2.8749999999999991        1024.3900624273938       5.61315001122639351E-002 ( 0.16890734404146343     ,-3.86417839263905995E-003)
   2.8812499999999996        1025.5029253980701       5.61924794894119728E-002 ( 0.16908176741388520     ,-3.83311248495838168E-003)
   2.8874999999999997        1026.6145820121590       5.62533927641958587E-002 ( 0.16925591973784632     ,-3.80182296897305181E-003)
   2.8937499999999998        1027.7250361842898       5.63142401511179114E-002 ( 0.16942980094010648     ,-3.77031018521010834E-003)
   2.9000000000000004        1028.8342918079666       5.63750218635228548E-002 ( 0.16960341094227441     ,-3.73857447367148673E-003)
   2.9062499999999996        1029.9423527557258       5.64357381136064984E-002 ( 0.16977674966080497     ,-3.70661617387108054E-003)
   2.9125000000000005        1031.0492228792959       5.64963891124244874E-002 ( 0.16994981700700007     ,-3.67443562485858131E-003)
   2.9187500000000006        1032.1549060097520       5.65569750699007473E-002 ( 0.17012261288700783     ,-3.64203316525717755E-003)
   2.9249999999999998        1033.2594059576713       5.66174961948360256E-002 ( 0.17029513720182027     ,-3.60940913329104275E-003)
   2.9312500000000008        1034.3627265132866       5.66779526949163018E-002 ( 0.17046738984727172     ,-3.57656386681885459E-003)
   2.9374999999999991        1035.4648714466366       5.67383447767210308E-002 ( 0.17063937071403806     ,-3.54349770336393356E-003)
   2.9437500000000014        1036.5658445077188       5.67986726457314905E-002 ( 0.17081107968763287     ,-3.51021098014928220E-003)
   2.9499999999999997        1037.6656494266349       5.68589365063387683E-002 ( 0.17098251664840639     ,-3.47670403412693669E-003)
   2.9562499999999998        1038.7642899137415       5.69191365618520323E-002 ( 0.17115368147154222     ,-3.44297720201195735E-003)
   2.9625000000000008        1039.8617696597948       5.69792730145064347E-002 ( 0.17132457402705367     ,-3.40903082031535683E-003)
   2.9687499999999991        1040.9580923360938       5.70393460654709528E-002 ( 0.17149519417978354     ,-3.37486522537716865E-003)
   2.9749999999999992        1042.0532615946267       5.70993559148564728E-002 ( 0.17166554178939591     ,-3.34048075339959689E-003)
   2.9812499999999997        1043.1472810682103       5.71593027617233393E-002 ( 0.17183561671037609     ,-3.30587774048022838E-003)
   2.9874999999999994        1044.2401543706312       5.72191868040891616E-002 ( 0.17200541879202569     ,-3.27105652264699778E-003)
   2.9937499999999990        1045.3318850967858       5.72790082389364394E-002 ( 0.17217494787845852     ,-3.23601743589142224E-003)
   2.9999999999999996        1046.4224768228173       5.73387672622201264E-002 ( 0.17234420380859422     ,-3.20076081620323258E-003)
   3.0062500000000010        1047.5119331062535       5.73984640688751033E-002 ( 0.17251318641615812     ,-3.16528699960584104E-003)
   3.0125000000000002        1048.6002574861404       5.74580988528235539E-002 ( 0.17268189552966967     ,-3.12959632219072430E-003)
   3.0187499999999998        1049.6874534831784       5.75176718069824247E-002 ( 0.17285033097244468     ,-3.09368912015137339E-003)
   3.0250000000000004        1050.7735245998540       5.75771831232706269E-002 ( 0.17301849256258314     ,-3.05756572982273170E-003)
   3.0312500000000000        1051.8584743205713       5.76366329926162393E-002 ( 0.17318638011296919     ,-3.02122648771303718E-003)
   3.0375000000000010        1052.9423061117832       5.76960216049636904E-002 ( 0.17335399343126084     ,-2.98467173054284491E-003)
   3.0437500000000011        1054.0250234221198       5.77553491492808421E-002 ( 0.17352133231988734     ,-2.94790179527973373E-003)
   3.0500000000000007        1055.1066296825170       5.78146158135659782E-002 ( 0.17368839657604040     ,-2.91091701917677113E-003)
   3.0562499999999995        1056.1871283063431       5.78738217848547565E-002 ( 0.17385518599166841     ,-2.87371773980927897E-003)
   3.0625000000000009        1057.2665226895251       5.79329672492271755E-002 ( 0.17402170035347078     ,-2.83630429511113388E-003)
   3.0687500000000005        1058.3448162106715       5.79920523918142292E-002 ( 0.17418793944288849     ,-2.79867702341569068E-003)
   3.0749999999999997        1059.4220122311976       5.80510773968048246E-002 ( 0.17435390303610077     ,-2.76083626349097472E-003)
   3.0812499999999998        1060.4981140954471       5.81100424474524230E-002 ( 0.17451959090401398     ,-2.72278235458002548E-003)
   3.0874999999999990        1061.5731251308125       5.81689477260816448E-002 ( 0.17468500281225530     ,-2.68451563643962339E-003)
   3.0937500000000004        1062.6470486478565       5.82277934140949388E-002 ( 0.17485013852116646     ,-2.64603644938013602E-003)
   3.1000000000000001        1063.7198879404295       5.82865796919789722E-002 ( 0.17501499778579374     ,-2.60734513430559275E-003)
   3.1062499999999997        1064.7916462857886       5.83453067393112160E-002 ( 0.17517958035588038     ,-2.56844203275107420E-003)
   3.1124999999999994        1065.8623269447137       5.84039747347662244E-002 ( 0.17534388597585893     ,-2.52932748692827206E-003)
   3.1187499999999999        1066.9319331616239       5.84625838561221162E-002 ( 0.17550791438484181     ,-2.49000183976291582E-003)
   3.1250000000000009        1068.0004681646915       5.85211342802667220E-002 ( 0.17567166531661302     ,-2.45046543493550187E-003)
   3.1312499999999992        1069.0679351659555       5.85796261832038784E-002 ( 0.17583513849962037     ,-2.41071861692807466E-003)
   3.1375000000000006        1070.1343373614361       5.86380597400596518E-002 ( 0.17599833365696255     ,-2.37076173106073179E-003)
   3.1437499999999998        1071.1996779312435       5.86964351250883268E-002 ( 0.17616125050638495     ,-2.33059512353825252E-003)
   3.1500000000000004        1072.2639600396910       5.87547525116785888E-002 ( 0.17632388876026869     ,-2.29021914149286302E-003)
   3.1562500000000000        1073.3271868354029       5.88130120723594496E-002 ( 0.17648624812561697     ,-2.24963413302490395E-003)
   3.1624999999999992        1074.3893614514245       5.88712139788062847E-002 ( 0.17664832830405089     ,-2.20884044725183680E-003)
   3.1687500000000002        1075.4504870053293       5.89293584018466474E-002 ( 0.17681012899179721     ,-2.16783843434909104E-003)
   3.1750000000000003        1076.5105665993251       5.89874455114661814E-002 ( 0.17697164987967753     ,-2.12662844559639722E-003)
   3.1812499999999990        1077.5696033203608       5.90454754768143936E-002 ( 0.17713289065309948     ,-2.08521083342354252E-003)
   3.1875000000000004        1078.6276002402312       5.91034484662103995E-002 ( 0.17729385099204667     ,-2.04358595145759424E-003)
   3.1937500000000005        1079.6845604156799       5.91613646471486204E-002 ( 0.17745453057106536     ,-2.00175415456540010E-003)
   3.2000000000000006        1080.7404868885037       5.92192241863044450E-002 ( 0.17761492905925788     ,-1.95971579890731650E-003)
   3.2062500000000007        1081.7953826856537       5.92770272495397946E-002 ( 0.17777504612026879     ,-1.91747124197840066E-003)
   3.2124999999999995        1082.8492508193372       5.93347740019086953E-002 ( 0.17793488141227620     ,-1.87502084266063097E-003)
   3.2187500000000000        1083.9020942871177       5.93924646076627941E-002 ( 0.17809443458797894     ,-1.83236496127129104E-003)
   3.2249999999999996        1084.9539160720144       5.94500992302567574E-002 ( 0.17825370529458667     ,-1.78950395960969033E-003)
   3.2312499999999997        1086.0047191426011       5.95076780323537183E-002 ( 0.17841269317380840     ,-1.74643820100970140E-003)
   3.2375000000000012        1087.0545064531034       5.95652011758306191E-002 ( 0.17857139786184209     ,-1.70316805039064600E-003)
   3.2437499999999986        1088.1032809434955       5.96226688217834574E-002 ( 0.17872981898936094     ,-1.65969387430535864E-003)
   3.2499999999999991        1089.1510455395980       5.96800811305327195E-002 ( 0.17888795618150430     ,-1.61601604099380217E-003)
   3.2562500000000010        1090.1978031531710       5.97374382616284241E-002 ( 0.17904580905786474     ,-1.57213492043620923E-003)
   3.2625000000000006        1091.2435566820086       5.97947403738553346E-002 ( 0.17920337723247726     ,-1.52805088440410744E-003)
   3.2687500000000007        1092.2883090100343       5.98519876252381761E-002 ( 0.17936066031380798     ,-1.48376430651451022E-003)
   3.2749999999999995        1093.3320630073920       5.99091801730466042E-002 ( 0.17951765790473920     ,-1.43927556228434913E-003)
   3.2812499999999996        1094.3748215305393       5.99663181738003537E-002 ( 0.17967436960256297     ,-1.39458502918508843E-003)
   3.2875000000000001        1095.4165874223377       6.00234017832741371E-002 ( 0.17983079499896407     ,-1.34969308669790722E-003)
   3.2937499999999997        1096.4573635121430       6.00804311565026478E-002 ( 0.17998693368001198     ,-1.30460011636987483E-003)
   3.3000000000000007        1097.4971526158963       6.01374064477855005E-002 ( 0.18014278522614594     ,-1.25930650187043797E-003)
   3.3062499999999999        1098.5359575362108       6.01943278106920054E-002 ( 0.18029834921216520     ,-1.21381262905104854E-003)
   3.3125000000000000        1099.5737810624623       6.02511953980661499E-002 ( 0.18045362520721533     ,-1.16811888599935841E-003)
   3.3187500000000005        1100.6106259708745       6.03080093620312341E-002 ( 0.18060861277477760     ,-1.12222566310187714E-003)
   3.3250000000000006        1101.6464950246063       6.03647698539946723E-002 ( 0.18076331147265609     ,-1.07613335310142349E-003)
   3.3312500000000012        1102.6813909738389       6.04214770246527741E-002 ( 0.18091772085296592     ,-1.02984235115847729E-003)
   3.3374999999999999        1103.7153165558589       6.04781310239952824E-002 ( 0.18107184046212191     ,-9.83353054911582838E-004)
   3.3437500000000000        1104.7482744951449       6.05347320013101126E-002 ( 0.18122566984082464     ,-9.36665864539593281E-004)
   3.3500000000000001        1105.7802675034493       6.05912801051878835E-002 ( 0.18137920852405093     ,-8.89781182823586752E-004)
   3.3562500000000011        1106.8112982798830       6.06477754835264768E-002 ( 0.18153245604103999     ,-8.42699415212335248E-004)
   3.3625000000000007        1107.8413695109964       6.07042182835355604E-002 ( 0.18168541191528303     ,-7.95420969884246183E-004)
   3.3687500000000008        1108.8704838708622       6.07606086517410646E-002 ( 0.18183807566451066     ,-7.47946257812670502E-004)
   3.3750000000000000        1109.8986440211556       6.08169467339896019E-002 ( 0.18199044680068088     ,-7.00275692832849780E-004)
   3.3812500000000010        1110.9258526112353       6.08732326754529013E-002 ( 0.18214190477027992     ,-6.52971680877338146E-004)
   3.3874999999999997        1111.9521122782221       6.09294666206321306E-002 ( 0.18229369328872275     ,-6.04910532702832102E-004)
   3.3937500000000007        1112.9774256470794       6.09856487133622546E-002 ( 0.18244518765579332     ,-5.56654749305240644E-004)
   3.4000000000000004        1114.0017953306897       6.10417790968163093E-002 ( 0.18259638739305165     ,-5.08204785235472078E-004)
   3.4062500000000000        1115.0252239299341       6.10978579135096900E-002 ( 0.18274729198345058     ,-4.59561069623119702E-004)
   3.4125000000000010        1116.0477140337684       6.11538853053043355E-002 ( 0.18289790090409869     ,-4.10724034868024544E-004)
   3.4187500000000006        1117.0692682192989       6.12098614134129124E-002 ( 0.18304821362625182     ,-3.61694116716787138E-004)
   3.4249999999999998        1118.0898890518597       6.12657863784030129E-002 ( 0.18319822961530252     ,-3.12471754333220491E-004)
   3.4312500000000012        1119.1095790850868       6.13216603402012561E-002 ( 0.18334794833076931     ,-2.63057390372097521E-004)
   3.4374999999999991        1120.1283408609925       6.13774834380972981E-002 ( 0.18349736922628437     ,-2.13451471055774113E-004)
   3.4437500000000005        1121.1461769100406       6.14332558107480303E-002 ( 0.18364649174958611     ,-1.63654446247725054E-004)
   3.4500000000000006        1122.1630897512180       6.14889775961814586E-002 ( 0.18379531534250715     ,-1.13666769530313717E-004)
   3.4562500000000003        1123.1790818921086       6.15446489318007481E-002 ( 0.18394383944096432     ,-6.34888982822455158E-005)
   3.4624999999999995        1124.1941558289652       6.16002699543881926E-002 ( 0.18409206280767343     ,-1.31208335706217732E-005)
   3.4687500000000000        1125.2083140467812       6.16558408001091074E-002 ( 0.18423998619510493     , 3.74360450353381012E-005)
   3.4750000000000001        1126.2215590193609       6.17113616045157215E-002 ( 0.18438760903978049     , 8.81812502778008049E-005)
   3.4812499999999997        1127.2338932093905       6.17668325025510223E-002 ( 0.18453492940094210     , 1.39115247147937219E-004)
   3.4875000000000003        1128.2453190685083       6.18222536285526689E-002 ( 0.18468194735815097     , 1.90237091943519152E-004)
   3.4937500000000004        1129.2558390373724       6.18776251162566140E-002 ( 0.18482866231166031     , 2.41546302803516861E-004)
   3.4999999999999991        1130.2654555457314       6.19329470988010389E-002 ( 0.18497507365572663     , 2.93042393517450156E-004)
   3.5062499999999996        1131.2741710124915       6.19882197087300371E-002 ( 0.18512118077862202     , 3.44724873419573511E-004)
   3.5125000000000011        1132.2819878457840       6.20434430779972512E-002 ( 0.18526698306262723     , 3.96593247303663322E-004)
   3.5187500000000016        1133.2889084430326       6.20986173379696471E-002 ( 0.18541247988402404     , 4.48647015333007205E-004)
   3.5250000000000004        1134.2949351910199       6.21537426194310599E-002 ( 0.18555767061309045     , 5.00885672952412720E-004)
   3.5312500000000000        1135.3000704659539       6.22088190525859411E-002 ( 0.18570255461409255     , 5.53308710796750094E-004)
   3.5375000000000001        1136.3043166335328       6.22638467670628068E-002 ( 0.18584765697028474     , 6.06480548759793419E-004)
   3.5437500000000002        1137.3076760490101       6.23188258919178881E-002 ( 0.18599191631631856     , 6.59259245974526593E-004)
   3.5499999999999998        1138.3101510572590       6.23737565556386278E-002 ( 0.18613587240416263     , 7.12231983039034308E-004)
   3.5562500000000004        1139.3117439928371       6.24286388861472127E-002 ( 0.18627951912532312     , 7.65386822541913982E-004)
   3.5625000000000009        1140.3124571800486       6.24834730108039874E-002 ( 0.18642285585583018     , 8.18723408365212998E-004)
   3.5687500000000005        1141.3122929330079       6.25382590564109719E-002 ( 0.18656588192368515     , 8.72241197828324088E-004)
   3.5749999999999997        1142.3112535557023       6.25929971492152348E-002 ( 0.18670859665095402     , 9.25939645242209353E-004)
   3.5812500000000003        1143.3093413420534       6.26476874149123203E-002 ( 0.18685099935366908     , 9.79818199311986325E-004)
   3.5875000000000008        1144.3065585759789       6.27023299786496208E-002 ( 0.18699308934182210     , 1.03387630306207823E-003)
   3.5937500000000000        1145.3029075314530       6.27569249650296312E-002 ( 0.18713486591936285     , 1.08811339373547145E-003)
   3.5999999999999996        1146.2983904725679       6.28114724981134048E-002 ( 0.18727632838420211     , 1.14252890268716338E-003)
   3.6062500000000011        1147.2930096535933       6.28659727014237585E-002 ( 0.18741747602820810     , 1.19712225528120146E-003)
   3.6125000000000003        1148.2867673190351       6.29204256979484650E-002 ( 0.18755830813721319     , 1.25189287078101186E-003)
   3.6187499999999999        1149.2796657036963       6.29748316101436806E-002 ( 0.18769882399101190     , 1.30684016224281367E-003)
   3.6249999999999996        1150.2717070327340       6.30291905599369845E-002 ( 0.18783902286336598     , 1.36196353640616742E-003)
   3.6312500000000001        1151.2628935217185       6.30835026687306538E-002 ( 0.18797890402200854     , 1.41726239358147001E-003)
   3.6375000000000006        1152.2532273766908       6.31377680574048000E-002 ( 0.18811846672864760     , 1.47273612753881186E-003)
   3.6437500000000003        1153.2427107942196       6.31919868463205053E-002 ( 0.18825771023897303     , 1.52838412539309959E-003)
   3.6499999999999995        1154.2313459614584       6.32461591553229591E-002 ( 0.18839663380266153     , 1.58420576749002204E-003)
   3.6562500000000004        1155.2191350562023       6.33002851037445108E-002 ( 0.18853523666338573     , 1.64020042728787920E-003)
   3.6624999999999996        1156.2060802469427       6.33543648104077928E-002 ( 0.18867351805882068     , 1.69636747123937332E-003)
   3.6687500000000002        1157.1921836929248       6.34083983936287038E-002 ( 0.18881147722065555     , 1.75270625867319802E-003)
   3.6749999999999998        1158.1774475442007       6.34623859712194621E-002 ( 0.18894911337460213     , 1.80921614167167872E-003)
   3.6812500000000004        1159.1618739416856       6.35163276604916172E-002 ( 0.18908642574040729     , 1.86589646494805393E-003)
   3.6875000000000004        1160.1454650172107       6.35702235782589498E-002 ( 0.18922341353186514     , 1.92274656572238574E-003)
   3.6937500000000005        1161.1282228935786       6.36240738408405254E-002 ( 0.18936007595683083     , 1.97976577359723020E-003)
   3.6999999999999993        1162.1101496846156       6.36778785640635531E-002 ( 0.18949641221723623     , 2.03695341042680993E-003)
   3.7062499999999989        1163.0912474952254       6.37316378632663411E-002 ( 0.18963242150910506     , 2.09430879019155587E-003)
   3.7125000000000012        1164.0715184214414       6.37853518533011005E-002 ( 0.18976810302257074     , 2.15183121886610524E-003)
   3.7187499999999996        1165.0509645504783       6.38390206485368872E-002 ( 0.18990345594189517     , 2.20951999428765358E-003)
   3.7250000000000005        1166.0295879607859       6.38926443628624469E-002 ( 0.19003847944548785     , 2.26737440602102578E-003)
   3.7312500000000015        1167.0073907220983       6.39462231096889488E-002 ( 0.19017317270593004     , 2.32539373522589951E-003)
   3.7374999999999998        1167.9843748954863       6.39997570019528589E-002 ( 0.19030753488999413     , 2.38357725451708536E-003)
   3.7437500000000008        1168.9605425334082       6.40532461521187285E-002 ( 0.19044156515866917     , 2.44192422782875959E-003)
   3.7499999999999996        1169.9358956797589       6.41066906721818597E-002 ( 0.19057526266718927     , 2.50043391027192320E-003)
   3.7562499999999996        1170.9104363699214       6.41600906736711774E-002 ( 0.19070862656505641     , 2.55910554799408706E-003)
   3.7625000000000006        1171.8841666308151       6.42134462676518109E-002 ( 0.19084165599607347     , 2.61793837803518366E-003)
   3.7687500000000003        1172.8570884809453       6.42667575647278555E-002 ( 0.19097435009837255     , 2.67693162818285644E-003)
   3.7750000000000004        1173.8292039304526       6.43200246750450372E-002 ( 0.19110670800444909     , 2.73608451682500744E-003)
   3.7812499999999996        1174.8005149811604       6.43732477082933768E-002 ( 0.19123872884119297     , 2.79539625280171176E-003)
   3.7875000000000001        1175.7710236266244       6.44264267737098550E-002 ( 0.19137041172992925     , 2.85486603525551526E-003)
   3.7937500000000002        1176.7407318521782       6.44795619800809239E-002 ( 0.19150175578645168     , 2.91449305347830619E-003)
   3.8000000000000003        1177.7096416349830       6.45326534357451714E-002 ( 0.19163276012106381     , 2.97427648675890237E-003)
   3.8062499999999995        1178.6777549440728       6.45857012485959725E-002 ( 0.19176342383862297     , 3.03421550422699766E-003)
   3.8124999999999996        1179.6450737404025       6.46387055260839033E-002 ( 0.19189374603858025     , 3.09430926469663218E-003)
   3.8187500000000001        1180.6115999768933       6.46916663752193644E-002 ( 0.19202372581502866     , 3.15455691650650804E-003)
   3.8250000000000002        1181.5773355984786       6.47445839025750924E-002 ( 0.19215336225675078     , 3.21495759736130718E-003)
   3.8312500000000007        1182.5422825421508       6.47974582142886585E-002 ( 0.19228265444726922     , 3.27551043416803630E-003)
   3.8374999999999995        1183.5064427370050       6.48502894160649240E-002 ( 0.19241160146489808     , 3.33621454287192851E-003)
   3.8437500000000004        1184.4698181042859       6.49030776131785669E-002 ( 0.19254020238279992     , 3.39706902829194340E-003)
   3.8500000000000005        1185.4324105574303       6.49558229104764545E-002 ( 0.19266845626903956     , 3.45807298395216190E-003)
   3.8562499999999997        1186.3942220021133       6.50085254123801554E-002 ( 0.19279636218664714     , 3.51922549191432434E-003)
   3.8625000000000016        1187.3552543362919       6.50611852228882709E-002 ( 0.19292391919367913     , 3.58052562260532383E-003)
   3.8687499999999999        1188.3155094502470       6.51138024455788639E-002 ( 0.19305112634328220     , 3.64197243464509796E-003)
   3.8749999999999991        1189.2749892266295       6.51663771836118733E-002 ( 0.19317798268376229     , 3.70356497467309214E-003)
   3.8812499999999996        1190.2336955405017       6.52189095397314039E-002 ( 0.19330448725865404     , 3.76530227717183615E-003)
   3.8875000000000002        1191.1916302593802       6.52713996162681276E-002 ( 0.19343063910679353     , 3.82718336428854991E-003)
   3.8937499999999998        1192.1487952432783       6.53238475151415449E-002 ( 0.19355643726239630     , 3.88920724565733865E-003)
   3.8999999999999999        1193.1051923447487       6.53762533378623723E-002 ( 0.19368188075513265     , 3.95137291821721914E-003)
   3.9062500000000000        1194.0608234089250       6.54286171855348042E-002 ( 0.19380696861021310     , 4.01367936602880018E-003)
   3.9125000000000001        1195.0156902735628       6.54809391588587197E-002 ( 0.19393169984847192     , 4.07612556009056669E-003)
   3.9187500000000006        1195.9697947690820       6.55332193581320693E-002 ( 0.19405607348645515     , 4.13871045815399768E-003)
   3.9250000000000003        1196.9231387186062       6.55854578832530122E-002 ( 0.19418008853651295     , 4.20143300453331738E-003)
   3.9312499999999999        1197.8757239380052       6.56376548337221921E-002 ( 0.19430374400689440     , 4.26429212991927091E-003)
   3.9375000000000004        1198.8275522359336       6.56898103086449026E-002 ( 0.19442703890184526     , 4.32728675118482405E-003)
   3.9437499999999996        1199.7786254138719       6.57419244067333902E-002 ( 0.19454997222171105     , 4.39041577119640009E-003)
   3.9500000000000002        1200.7289452661662       6.57939972263089229E-002 ( 0.19467254296304143     , 4.45367807861718305E-003)
   3.9562500000000007        1201.6785135800674       6.58460288653039821E-002 ( 0.19479475011869962     , 4.51707254771289025E-003)
   3.9625000000000017        1202.6273321357703       6.58980194212644282E-002 ( 0.19491659267797654     , 4.58059803815405280E-003)
   3.9687499999999996        1203.5754027064527       6.59499689913516096E-002 ( 0.19503806962670717     , 4.64425339481894326E-003)
   3.9750000000000010        1204.5227270583150       6.60018776723445832E-002 ( 0.19515917994739035     , 4.70803744759208404E-003)
   3.9812499999999993        1205.4693069506166       6.60537455606420298E-002 ( 0.19527992261931484     , 4.77194901116363961E-003)
   3.9874999999999998        1206.4151441357158       6.61055727522644881E-002 ( 0.19540029661868882     , 4.83598688482729522E-003)
   3.9937499999999999        1207.3602403591067       6.61573593428564227E-002 ( 0.19552030091877320     , 4.90014985227549098E-003)
   4.0000000000000000        1208.3045973594571       6.62091054276881946E-002 ( 0.19563993449001721     , 4.96443668139425875E-003)
   4.0062500000000005        1209.2482168686461       6.62608111016581847E-002 ( 0.19575919630020483     , 5.02884612405784127E-003)
   4.0125000000000011        1210.1911006118000       6.63124764592948057E-002 ( 0.19587808531459724     , 5.09337691591889730E-003)
   4.0187500000000007        1211.1332503073311       6.63641015947584872E-002 ( 0.19599660049608833     , 5.15802777620270880E-003)
   4.0250000000000012        1212.0746676669719       6.64156866018437292E-002 ( 0.19611474080535615     , 5.22279740749383072E-003)
   4.0312500000000000        1213.0153543958129       6.64672315739810171E-002 ( 0.19623250520102864     , 5.28768449552783227E-003)
   4.0374999999999988        1213.9553121923391       6.65187366042389455E-002 ( 0.19634989263984812     , 5.35268770897856776E-003)
   4.0437500000000011        1214.8945427484643       6.65702017853259803E-002 ( 0.19646690207684117     , 5.41780569924457580E-003)
   4.0500000000000016        1215.8330477495667       6.66216272095924988E-002 ( 0.19658353246549506     , 5.48303710023692083E-003)
   4.0562500000000004        1216.7708288745257       6.66730129690327744E-002 ( 0.19669978275794220     , 5.54838052816303273E-003)
   4.0624999999999991        1217.7078877957551       6.67243591552868220E-002 ( 0.19681565190514402     , 5.61383458131333671E-003)
   4.0687499999999988        1218.6442261792404       6.67756658596423691E-002 ( 0.19693113885708491     , 5.67939783984402081E-003)
   4.0749999999999993        1219.5798456845700       6.68269331730366456E-002 ( 0.19704624256297015     , 5.74506886556137939E-003)
   4.0812500000000016        1220.5147479649725       6.68781611860583824E-002 ( 0.19716096197142982     , 5.81084620170491638E-003)
   4.0875000000000004        1221.4489346673481       6.69293499889495602E-002 ( 0.19727529603072932     , 5.87672837273081269E-003)
   4.0937500000000009        1222.3824074323061       6.69804996716074214E-002 ( 0.19738924368898333     , 5.94271388409312994E-003)
   4.0999999999999988        1223.3151678941938       6.70316103235861216E-002 ( 0.19750280389437902     , 6.00880122202713824E-003)
   4.1062500000000002        1224.2472176811348       6.70826820340987562E-002 ( 0.19761597559540392     , 6.07498885333094402E-003)
   4.1125000000000007        1225.1785584150582       6.71337148920190252E-002 ( 0.19772875774107970     , 6.14127522514925760E-003)
   4.1187500000000004        1226.1091917117333       6.71847089858830376E-002 ( 0.19784114928120380     , 6.20765876475372087E-003)
   4.1250000000000009        1227.0391191808026       6.72356644038912682E-002 ( 0.19795314916659484     , 6.27413787932692025E-003)
   4.1312499999999988        1227.9683424258133       6.72865812339101393E-002 ( 0.19806475634934922     , 6.34071095574509011E-003)
   4.1374999999999993        1228.8968630442507       6.73374595634739226E-002 ( 0.19817596978309956     , 6.40737636036107280E-003)
   4.1437500000000007        1229.8246826275688       6.73882994797864454E-002 ( 0.19828678842328287     , 6.47413243879012626E-003)
   4.1500000000000004        1230.7518027612227       6.74391010697227705E-002 ( 0.19839721122741499     , 6.54097751569145298E-003)
   4.1562500000000000        1231.6782250247018       6.74898644198310832E-002 ( 0.19850723715537349     , 6.60790989455804865E-003)
   4.1624999999999996        1232.6039509915583       6.75405896163342595E-002 ( 0.19861686516968488     , 6.67492785749991980E-003)
   4.1687500000000002        1233.5289822294408       6.75912767451316704E-002 ( 0.19872609423582144     , 6.74202966503402099E-003)
   4.1750000000000007        1234.4533203001238       6.76419258918008331E-002 ( 0.19883492332250491     , 6.80921355587377035E-003)
   4.1812500000000012        1235.3769667595395       6.76925371415991045E-002 ( 0.19894335140201849     , 6.87647774671727111E-003)
   4.1875000000000000        1236.2999231578071       6.77431105794653599E-002 ( 0.19905137745052404     , 6.94382043204344861E-003)
   4.1937499999999996        1237.2221910392650       6.77936462900216724E-002 ( 0.19915900044839049     , 7.01123978390282877E-003)
   4.2000000000000011        1238.1437719424994       6.78441443575749370E-002 ( 0.19926621938052796     , 7.07873395171678983E-003)
   4.2062500000000016        1239.0646674003744       6.78946048661185353E-002 ( 0.19937303323672825     , 7.14630106207409400E-003)
   4.2125000000000004        1239.9848789400619       6.79450278993339041E-002 ( 0.19947944101201928     , 7.21393921853206825E-003)
   4.2187500000000000        1240.9044080830722       6.79954135405922838E-002 ( 0.19958544170702097     , 7.28164650142084421E-003)
   4.2249999999999996        1241.8232563452818       6.80457618729561897E-002 ( 0.19969103432831337     , 7.34942096764939091E-003)
   4.2312500000000002        1242.7414252369638       6.80960729791810909E-002 ( 0.19979621788881285     , 7.41726065051533101E-003)
   4.2375000000000016        1243.6589162628154       6.81463469417169648E-002 ( 0.19990099140815393     , 7.48516355951529041E-003)
   4.2437500000000004        1244.5757309219878       6.81965838427098514E-002 ( 0.20000535391308574     , 7.55312768016512710E-003)
   4.2500000000000000        1245.4918707081149       6.82467837640034908E-002 ( 0.20010930443786895     , 7.62115097381449620E-003)
   4.2562499999999996        1246.4073371093416       6.82969467871408498E-002 ( 0.20021284202468853     , 7.68923137747553644E-003)
   4.2625000000000011        1247.3221316083509       6.83470729933656207E-002 ( 0.20031596572407229     , 7.75736680364733436E-003)
   4.2687500000000007        1248.2362556823928       6.83971624636237757E-002 ( 0.20041867459531815     , 7.82555514014963462E-003)
   4.2750000000000012        1249.1497108033129       6.84472152785651627E-002 ( 0.20052096770693029     , 7.89379424995978636E-003)
   4.2812500000000000        1250.0624984375781       6.84972315185449071E-002 ( 0.20062284413706596     , 7.96208197105443410E-003)
   4.2874999999999996        1250.9746200463060       6.85472112636250075E-002 ( 0.20072430297398974     , 8.03041611625721595E-003)
   4.2937499999999993        1251.8860770852912       6.85971545935757931E-002 ( 0.20082534331653887     , 8.09879447309072402E-003)
   4.3000000000000007        1252.7968710050327       6.86470615878774365E-002 ( 0.20092596427459317     , 8.16721480363710728E-003)
   4.3062500000000004        1253.7070032507595       6.86969323257212994E-002 ( 0.20102616496956080     , 8.23567484439945499E-003)
   4.3125000000000000        1254.6164752624604       6.87467668860116815E-002 ( 0.20112594453486951     , 8.30417230617669019E-003)
   4.3187499999999988        1255.5252884749075       6.87965653473669309E-002 ( 0.20122530211646558     , 8.37270487393963758E-003)
   4.3249999999999993        1256.4334443176845       6.88463277881211921E-002 ( 0.20132423687332660     , 8.44127020671534521E-003)
   4.3312500000000007        1257.3409442152117       6.88960542863256142E-002 ( 0.20142274797797924     , 8.50986593748096279E-003)
   4.3374999999999995        1258.2477895867728       6.89457449197499184E-002 ( 0.20152083461702977     , 8.57848967306319016E-003)
   4.3437499999999991        1259.1539818465410       6.89953997658837997E-002 ( 0.20161849599170201     , 8.64713899404726677E-003)
   4.3499999999999996        1260.0595224036044       6.90450189019383154E-002 ( 0.20171573131838449     , 8.71581145469209513E-003)
   4.3562500000000002        1260.9644126619910       6.90946024048472024E-002 ( 0.20181253982918856     , 8.78450458285730262E-003)
   4.3625000000000007        1261.8686540206947       6.91441503512684325E-002 ( 0.20190892077251324     , 8.85321587993671139E-003)
   4.3687499999999995        1262.7722478737010       6.91936628175854884E-002 ( 0.20200487341362214     , 8.92194282080298155E-003)
   4.3750000000000000        1263.6751956100111       6.92431398799087661E-002 ( 0.20210039703522770     , 8.99068285376213722E-003)
   4.3812499999999996        1264.5774986136673       6.92925816140769063E-002 ( 0.20219549093808459     , 9.05943340051616579E-003)
   4.3874999999999993        1265.4791582637779       6.93419880956582246E-002 ( 0.20229015444159432     , 9.12819185614086731E-003)
   4.3937499999999998        1266.3801759345413       6.93913593999519879E-002 ( 0.20238438688441485     , 9.19695558906826784E-003)
   4.4000000000000004        1267.2805529952711       6.94406956019897881E-002 ( 0.20247818762508188     , 9.26572194108714504E-003)
   4.4062500000000000        1268.1802908104194       6.94899967765368470E-002 ( 0.20257155604263996     , 9.33448822735186319E-003)
   4.4125000000000005        1269.0793907396021       6.95392629980933763E-002 ( 0.20266449153727883     , 9.40325173640243345E-003)
   4.4187500000000011        1269.9778541376224       6.95884943408958956E-002 ( 0.20275699353098084     , 9.47200973020065687E-003)
   4.4250000000000007        1270.8756823544936       6.96376908789184124E-002 ( 0.20284906146817483     , 9.54075944417720652E-003)
   4.4312500000000012        1271.7728767354649       6.96868526858739346E-002 ( 0.20294069481640101     , 9.60949808729281638E-003)
   4.4375000000000000        1272.6694386210427       6.97359798352155530E-002 ( 0.20303189306697930     , 9.67822284211256739E-003)
   4.4437500000000005        1273.5653693470156       6.97850724001379125E-002 ( 0.20312265573569047     , 9.74693086489766998E-003)
   4.4499999999999993        1274.4606702444762       6.98341304535782526E-002 ( 0.20321298236346141     , 9.81561928570580389E-003)
   4.4562500000000007        1275.3553426398464       6.98831540682179481E-002 ( 0.20330287251705828     , 9.88428520851625768E-003)
   4.4625000000000012        1276.2493878548973       6.99321433164834805E-002 ( 0.20339232578978725     , 9.95292571136066964E-003)
   4.4687500000000000        1277.1428072067743       6.99810982705478951E-002 ( 0.20348134180220337     , 1.00215378464777148E-002)
   4.4749999999999996        1278.0356020080192       7.00300190023319946E-002 ( 0.20356992020282114     , 1.00901186404787589E-002)
   4.4812500000000002        1278.9277735665921       7.00789055835055047E-002 ( 0.20365806066883735     , 1.01586650945359926E-002)
   4.4875000000000016        1279.8193231858943       7.01277580854883509E-002 ( 0.20374576290685667     , 1.02271741845838190E-002)
   4.4937499999999995        1280.7102521647898       7.01765765794518798E-002 ( 0.20383302665362069     , 1.02956428615392295E-002)
   4.4999999999999991        1281.6005617976296       7.02253611363200664E-002 ( 0.20391985167674598     , 1.03640680515417732E-002)
   4.5062499999999996        1282.4902533742702       7.02741118267706660E-002 ( 0.20400623777546645     , 1.04324466562122648E-002)
   4.5125000000000002        1283.3793281800981       7.03228287212365188E-002 ( 0.20409218478137503     , 1.05007755529290658E-002)
   4.5187500000000007        1284.2677874960502       7.03715118899066044E-002 ( 0.20417769255917614     , 1.05690515951243399E-002)
   4.5249999999999995        1285.1556325986357       7.04201614027272910E-002 ( 0.20426276100743740     , 1.06372716126036868E-002)
   4.5312500000000009        1286.0428647599581       7.04687773294035702E-002 ( 0.20434739005934405     , 1.07054324118827839E-002)
   4.5374999999999996        1286.9294852477349       7.05173597394000568E-002 ( 0.20443157968345937     , 1.07735307765432740E-002)
   4.5437500000000011        1287.8154953253204       7.05659087019423342E-002 ( 0.20451532988448157     , 1.08415634676172542E-002)
   4.5500000000000007        1288.7008962517252       7.06144242860179128E-002 ( 0.20459864070400702     , 1.09095272239856621E-002)
   4.5562500000000012        1289.5856892816391       7.06629065603775891E-002 ( 0.20468151222129272     , 1.09774187628048029E-002)
   4.5624999999999991        1290.4698756654491       7.07113555935363902E-002 ( 0.20476394455401684     , 1.10452347799487698E-002)
   4.5687499999999988        1291.3534566492629       7.07597714537748501E-002 ( 0.20484593785904104     , 1.11129719504832504E-002)
   4.5750000000000011        1292.2364334749273       7.08081542091399813E-002 ( 0.20492749233317176     , 1.11806269291541902E-002)
   4.5812500000000016        1293.1188073800490       7.08565039274465375E-002 ( 0.20500860821391925     , 1.12481963509065506E-002)
   4.5874999999999995        1294.0005795980153       7.09048206762780131E-002 ( 0.20508928578025365     , 1.13156768314209288E-002)
   4.5937500000000009        1294.8817513580150       7.09531045229878782E-002 ( 0.20516952535335770     , 1.13830649676799709E-002)
   4.6000000000000005        1295.7623238850556       7.10013555347004527E-002 ( 0.20524932729737966     , 1.14503573385568991E-002)
   4.6062499999999993        1296.6422983999864       7.10495737783122527E-002 ( 0.20532869202017329     , 1.15175505054264000E-002)
   4.6125000000000007        1297.5216761195168       7.10977593204929065E-002 ( 0.20540761997404225     , 1.15846410128029997E-002)
   4.6187499999999995        1298.4004582562345       7.11459122276862366E-002 ( 0.20548611165647107     , 1.16516253890064335E-002)
   4.6250000000000000        1299.2786460186283       7.11940325661114121E-002 ( 0.20556416761085181     , 1.17185001468477282E-002)
   4.6312499999999996        1300.1562406111043       7.12421204017639476E-002 ( 0.20564178842720379     , 1.17852617843420566E-002)
   4.6375000000000011        1301.0332432340076       7.12901758004167718E-002 ( 0.20571897474288153     , 1.18519067854525231E-002)
   4.6437500000000007        1301.9096550836391       7.13381988276212825E-002 ( 0.20579572724327791     , 1.19184316208508848E-002)
   4.6500000000000012        1302.7854773522770       7.13861895487084008E-002 ( 0.20587204666251233     , 1.19848327487117219E-002)
   4.6562500000000000        1303.6607112281936       7.14341480287895708E-002 ( 0.20594793378410875     , 1.20511066155270432E-002)
   4.6624999999999988        1304.5353578956760       7.14820743327578556E-002 ( 0.20602338944166332     , 1.21172496569513701E-002)
   4.6687499999999993        1305.4094185350432       7.15299685252888673E-002 ( 0.20609841451949740     , 1.21832582986700841E-002)
   4.6750000000000007        1306.2828943226655       7.15778306708419049E-002 ( 0.20617300995329374     , 1.22491289572918133E-002)
   4.6812500000000004        1307.1557864309825       7.16256608336608286E-002 ( 0.20624717673072354     , 1.23148580412731305E-002)
   4.6875000000000009        1308.0280960285220       7.16734590777751840E-002 ( 0.20632091589205134     , 1.23804419518606969E-002)
   4.6937499999999988        1308.8998242799178       7.17212254670011179E-002 ( 0.20639422853072473     , 1.24458770840658022E-002)
   4.7000000000000002        1309.7709723459288       7.17689600649424747E-002 ( 0.20646711579394944     , 1.25111598276602190E-002)
   4.7062500000000016        1310.6415413834557       7.18166629349916846E-002 ( 0.20653957888323701     , 1.25762865681975818E-002)
   4.7125000000000004        1311.5115325455586       7.18643341403307212E-002 ( 0.20661161905494035     , 1.26412536880632937E-002)
   4.7187500000000000        1312.3809469814776       7.19119737439322532E-002 ( 0.20668323762076488     , 1.27060575675414945E-002)
   4.7249999999999996        1313.2497858366473       7.19595818085604355E-002 ( 0.20675443594825452     , 1.27706945859162486E-002)
   4.7312499999999993        1314.1180502527159       7.20071583967718948E-002 ( 0.20682521546125993     , 1.28351611225844733E-002)
   4.7375000000000007        1314.9857413675634       7.20547035709168532E-002 ( 0.20689557764037686     , 1.28994535582048746E-002)
   4.7437500000000004        1315.8528603153165       7.21022173931398225E-002 ( 0.20696552402336110     , 1.29635682758602790E-002)
   4.7500000000000009        1316.7194082263693       7.21496999253807975E-002 ( 0.20703505620552048     , 1.30275016622449277E-002)
   4.7562500000000005        1317.5853862273973       7.21971512293760193E-002 ( 0.20710417584007182     , 1.30912501088765558E-002)
   4.7625000000000002        1318.4507954413771       7.22445713666590300E-002 ( 0.20717288463847575     , 1.31548100133250731E-002)
   4.7687499999999998        1319.3156369876012       7.22919603985615195E-002 ( 0.20724118437073843     , 1.32181777804639654E-002)
   4.7750000000000004        1320.1799119816965       7.23393183862143102E-002 ( 0.20730907686568542     , 1.32813498237394963E-002)
   4.7812499999999991        1321.0436215356401       7.23866453905482599E-002 ( 0.20737656401120053     , 1.33443225664637202E-002)
   4.7875000000000005        1321.9067667577772       7.24339414722951630E-002 ( 0.20744364775443422     , 1.34070924431182320E-002)
   4.7937500000000002        1322.7693487528352       7.24812066919886255E-002 ( 0.20751033010198036     , 1.34696559006804578E-002)
   4.8000000000000016        1323.6313686219439       7.25284411099651194E-002 ( 0.20757661312001160     , 1.35320093999660666E-002)
   4.8062500000000004        1324.4928274626479       7.25756447863646209E-002 ( 0.20764249893439049     , 1.35941494169805228E-002)
   4.8125000000000009        1325.3537263689268       7.26228177811318043E-002 ( 0.20770798973073099     , 1.36560724442963827E-002)
   4.8187500000000005        1326.2140664312078       7.26699601540166662E-002 ( 0.20777308775443593     , 1.37177749924279543E-002)
   4.8250000000000011        1327.0738487363844       7.27170719645756219E-002 ( 0.20783779531068686     , 1.37792535912360670E-002)
   4.8312500000000007        1327.9330743678313       7.27641532721721856E-002 ( 0.20790211476440004     , 1.38405047913282980E-002)
   4.8375000000000012        1328.7917444054206       7.28112041359780526E-002 ( 0.20796604854014278     , 1.39015251654775671E-002)
   4.8437500000000000        1329.6498599255369       7.28582246149737239E-002 ( 0.20802959912200725     , 1.39623113100460407E-002)
   4.8500000000000005        1330.5074220010949       7.29052147679496304E-002 ( 0.20809276905344523     , 1.40228598464174729E-002)
   4.8562500000000002        1331.3644317015533       7.29521746535067850E-002 ( 0.20815556093706206     , 1.40831674224350320E-002)
   4.8625000000000016        1332.2208900929306       7.29991043300577680E-002 ( 0.20821797743436701     , 1.41432307138419609E-002)
   4.8687500000000004        1333.0767982378209       7.30460038558274211E-002 ( 0.20828002126548315     , 1.42030464257285258E-002)
   4.8750000000000009        1333.9321571954101       7.30928732888539157E-002 ( 0.20834169520881146     , 1.42626112939766413E-002)
   4.8812500000000005        1334.7869680214892       7.31397126869893499E-002 ( 0.20840300210065418     , 1.43219220867088319E-002)
   4.8875000000000011        1335.6412317684717       7.31865221079007894E-002 ( 0.20846394483479336     , 1.43809756057322324E-002)
   4.8937499999999998        1336.4949494854068       7.32333016090709055E-002 ( 0.20852452636202612     , 1.44397686879813598E-002)
   4.9000000000000004        1337.3481222179960       7.32800512477989885E-002 ( 0.20858474968965396     , 1.44982982069564517E-002)
   4.9062499999999991        1338.2007510086069       7.33267710812015860E-002 ( 0.20864461788092903     , 1.45565610741559201E-002)
   4.9125000000000005        1339.0528368962891       7.33734611662135022E-002 ( 0.20870413405445640     , 1.46145542404985274E-002)
   4.9187500000000002        1339.9043809167877       7.34201215595884082E-002 ( 0.20876330138355073     , 1.46722746977413585E-002)
   4.9250000000000007        1340.7553841025588       7.34667523178998139E-002 ( 0.20882212309554771     , 1.47297194798816106E-002)
   4.9312500000000012        1341.6058474827844       7.35133534975417613E-002 ( 0.20888060247107382     , 1.47868856645487230E-002)
   4.9375000000000000        1342.4557720833859       7.35599251547296717E-002 ( 0.20893874284326805     , 1.48437703743831504E-002)
   4.9437499999999996        1343.3051589270399       7.36064673455011781E-002 ( 0.20899654759696354     , 1.49003707783947007E-002)
   4.9500000000000011        1344.1540090331912       7.36529801257167632E-002 ( 0.20905402016782207     , 1.49566840933083502E-002)
   4.9562499999999998        1345.0023234180676       7.36994635510607177E-002 ( 0.20911116404142688     , 1.50127075848889412E-002)
   4.9625000000000004        1345.8501030946945       7.37459176770417918E-002 ( 0.20916798275233295     , 1.50684385692427519E-002)
   4.9687499999999991        1346.6973490729085       7.37923425589940285E-002 ( 0.20922447988307472     , 1.51238744141010267E-002)
   4.9750000000000005        1347.5440623593724       7.38387382520775681E-002 ( 0.20928065906312981     , 1.51790125400764891E-002)
   4.9812500000000002        1348.3902439575866       7.38851048112792452E-002 ( 0.20933652396784538     , 1.52338504218919001E-002)
   4.9874999999999998        1349.2358948679064       7.39314422914135877E-002 ( 0.20939207831732212     , 1.52883855895857880E-002)
   4.9937500000000004        1350.0810160875531       7.39777507471233858E-002 ( 0.20944732587525730     , 1.53426156296875421E-002)
   5.0000000000000009        1350.9256086106295       7.40240302328805388E-002 ( 0.20950227044775258     , 1.53965381863612454E-002)
   5.0062500000000005        1351.7696734281324       7.40702808029867626E-002 ( 0.20955691588208125     , 1.54501509625153913E-002)
   5.0125000000000002        1352.6132115279668       7.41165025115743670E-002 ( 0.20961126606542155     , 1.55034517208838350E-002)
   5.0187499999999998        1353.4562238949584       7.41626954126069216E-002 ( 0.20966532492355033     , 1.55564382850699699E-002)
   5.0250000000000004        1354.2987115108690       7.42088595598800888E-002 ( 0.20971909641950615     , 1.56091085405503718E-002)
   5.0312500000000009        1355.1406753544077       7.42549950070222758E-002 ( 0.20977258455221812     , 1.56614604356489322E-002)
   5.0375000000000005        1355.9821164012453       7.43011018074954399E-002 ( 0.20982579335510362     , 1.57134919824613965E-002)
   5.0437499999999993        1356.8230356240269       7.43471800145956985E-002 ( 0.20987872689463155     , 1.57652012577505739E-002)
   5.0499999999999998        1357.6634339923867       7.43932296814541899E-002 ( 0.20993138926886340     , 1.58165864037921114E-002)
   5.0562500000000004        1358.5033124729582       7.44392508610376563E-002 ( 0.20998378460595879     , 1.58676456291804643E-002)
   5.0625000000000000        1359.3426720293892       7.44852436061492068E-002 ( 0.21003591706266272     , 1.59183772095925283E-002)
   5.0687500000000005        1360.1815136223547       7.45312079694291085E-002 ( 0.21008779082276291     , 1.59687794885004994E-002)
   5.0749999999999993        1361.0198382095684       7.45771440033552724E-002 ( 0.21013941009552500     , 1.60188508778497003E-002)
   5.0812500000000007        1361.8576467457970       7.46230517602442245E-002 ( 0.21019077911410899     , 1.60685898586791498E-002)
   5.0875000000000012        1362.6949401828717       7.46689312922515780E-002 ( 0.21024190213396368     , 1.61179949816979973E-002)
   5.0937500000000000        1363.5317194697011       7.47147826513728380E-002 ( 0.21029278343120381     , 1.61670648678198838E-002)
   5.1000000000000014        1364.3679855522851       7.47606058894440956E-002 ( 0.21034342730097186     , 1.62157982086379160E-002)
   5.1062500000000002        1365.2037393737244       7.48064010581426103E-002 ( 0.21039383805578574     , 1.62641937668595443E-002)
   5.1125000000000007        1366.0389818742362       7.48521682089876295E-002 ( 0.21044402002387258     , 1.63122503766859987E-002)
   5.1187500000000004        1366.8737139911645       7.48979073933409289E-002 ( 0.21049397754749308     , 1.63599669441430139E-002)
   5.1250000000000009        1367.7079366589930       7.49436186624076323E-002 ( 0.21054371498125660     , 1.64073424473613547E-002)
   5.1312500000000005        1368.5416508093570       7.49893020672367100E-002 ( 0.21059323669043151     , 1.64543759368050851E-002)
   5.1375000000000002        1369.3748573710561       7.50349576587217709E-002 ( 0.21064254704924532     , 1.65010665354519900E-002)
   5.1437500000000007        1370.2075572700655       7.50805854876017004E-002 ( 0.21069165043918914     , 1.65474134389160497E-002)
   5.1500000000000004        1371.0397514295491       7.51261856044612847E-002 ( 0.21074055124731295     , 1.65934159155266860E-002)
