   1.0000000000000000        3.9409852072355198       -3.0738156432040635       0.75099355855696981        2.8688347309259044      -0.62182229705747272       7.58096507786621548E-002
   1.0000000000000000        5.9976048731451339        2.1482081384121838       -3.3821665404508239       -2.4999999999999996        6.2084325905094220      -0.50460059571577454       0.20548800416556265      -2.71534585083865604E-002
  0.34002211148146949        1.0000000000000000       0.32675456582323675      -2.90461209436883687E-002 -0.77937343042940377       2.94088814822071054E-002  0.75323371236245085       2.57769575284340149E-002
   1.0000000000000000        6.0525639954827382        1.9414667496394233        3.2574295529359745        2.5000000000000009       -6.2818323179265745       0.76760701818540211      -0.28144622412965248       3.82419709348496700E-002
   1.0000000000000000        4.0604010000000086        3.0019254329070648      -0.56145423378073545       -3.0453258756218999       0.69374745407775529      -8.88927775821847371E-002
   1.0000000000000000        10.563879927651113        12.546494235575880       -25.968813480719703        14.358176783131624      -0.84772572636731991      -0.12217200922299144       3.40401976025116876E-002
   1.0000000000000000        11.988154114790142        3.2015076980746984        13.407456696271558       -23.217812984000240        5.2500000000000000        6.0624967718304976       -1.9392979972570208       0.49450579609600354      -5.73482829407947689E-002
  0.17899531183688033        1.0000000000000000       0.18442741541242799       6.67310092536747973E-002   1.0642844302918031       -2.2501705442790687        1.0537310385084104       6.54240662251812655E-002
   1.0000000000000000        11.977499560253994        2.5821782755010934        12.164055562166851       -21.575370292239725        5.2500000000000000        5.9185598360527978       -2.3297244203859413       0.65443161872847877      -8.19523043224639480E-002
   1.0000000000000000        10.519182423427626        11.563843479464749       -24.054149282502625        13.175765994098951      -0.49761592786781789      -0.24141224648749751       5.35679832942406731E-002
 -0.32999041975628074       0.80000000000000004       0.20287824576578353        1.4023887093515208       -2.3762710955315325       0.88685456581590161       8.70278203641099007E-002 -0.32659414120865510       0.80000000000000004       0.20555072495750248        1.3935766913058296       -2.3528212096393277       0.87423887152153468       8.50056468119635422E-002 -0.31963545335238674       0.80000000000000004       0.21032282980480926        1.3756697943040308       -2.3066247829594717       0.85035443811753408       8.06005505379069620E-002 -0.30501779323859229       0.80000000000000004       0.21784765006845885        1.3386471549848735       -2.2162876122784803       0.80662559803798495       7.10148592556218705E-002
  0.13126322868037954       0.73333333333333328       0.13524677130244764       4.89360734526953708E-002  0.78047524888065467       -1.6501250658046507       0.77273609490616724       4.79776485651332435E-002  0.12902590041655373       0.73333333333333328       0.13701347100503247       4.77278570867798249E-002  0.76170629376957577       -1.6019517389873850       0.74660733937778745       4.59102487532418446E-002  0.12400382402927521       0.73333333333333328       0.14014356112274964       4.48369198141438455E-002  0.72646540264769410       -1.5104819108431708       0.69744139985120490       4.17381885301278607E-002  0.11140277082672817       0.73333333333333328       0.14502226705442764       3.68233370592736114E-002  0.66546574047590901       -1.3457353658935733       0.60973026972202671       3.37160186363641423E-002
   1.0000000000000000       0.99502487562189057       -1.9801980198019802       0.98517314418008961        1.0000000000000000       0.99004999752487499       -1.9605920988138417       0.97054210128896679        1.0000000000000000       0.98010196500593960       -1.9219606889656324       0.94185872395969295        1.0000000000000000       0.96021968030532612       -1.8469664449646244       0.88674676465929814     
   1.0000000000000000        2.9752228954238706       -3.4408024945471110        3.9407901186158218      -0.49998762406871117        1.0000000000000000        2.9506420963387168       -3.3826022890541019        3.8825527877794741      -0.49995049872537251        1.0000000000000000        2.9020626539715719       -3.2691250998285692        3.7689271339302568      -0.49980203410168755        1.0000000000000000        2.8071861252699506       -3.0534002062947607        3.5526089693772556      -0.49920876308249479     
   1.2205424422737670       -3.0925150489509021       -9.0302192215124659        14.288722521054890       -8.6253253393774116        4.9362997134981530       -2.0110500491452519       0.49712793103764236      -5.55555555555555525E-002
   1.0000000000000000       -2.4324038095308365        5.8534312393251202       -7.1021307132308396        6.1273910860511478       -3.3450986003352252        1.0388217480212614      -0.14001095030062841     
   717.80891859734015       -717.80891859733993        251.00000000000000        639.24956783586140       -255.21083609123136        100.40898481196133       -17.638797959250741     
   992.13835591650593        1412.5724751819041       -2404.7108310984108        281.00000000000000        2056.0000000000000        1176.5684069510771       -103.59430255110230        10.922190925926348     
   32.917986158628487        22.182510023231412       -55.100496181859903        10.000000000000000        56.180216811122705        23.338342344779800      -0.94907185359548552     
  -694.02428220284241        694.02428220284230        251.00000000000000        652.88601047559382       -273.12574539952988        111.90788826712681       -20.463702245540713     
